1519880472 5
1519881057 11
1519881083 12
1519881110 92
1519882286 93
1519882295 95
1519882339 107
1519887488 128
1519891488 232
1519891502 299
1519891569 305
1519891644 331
1519891678 347
1519891694 345
1519891728 264
1519895026 221
1519895107 221
1519895165 436
1519896033 438
1519896065 438
1519906788 456
1519906818 436
1519906827 476
1519906831 412
1519954561 412
1519954567 412
1519955207 456
1519956242 456
1519957695 457
1519957838 457
1519958995 458
1519959003 461
1519961646 463
1519961661 455
1519973116 456
1519973126 443
1519973143 450
1519973164 455
1519973180 455
1519973198 478
1519973209 478
1519979599 483
1519979600 482
1519979612 490
1519979637 493
1519979647 494
1519979655 494
1519979665 499
1519979676 500
1519979824 502
1519981644 505
1519981752 505
1519981969 506
1519982280 517
1519982432 522
1519982482 523
1519983740 527
1519984086 544
1519984374 541
1519984401 541
1519984420 545
1519986101 545
1519986730 555
1519987140 575
1519987143 575
1519987648 585
1520039914 584
